172
119
124
129
146
145
144
143
147
148
149
161
152
142
6
15
159
16
19
20
37
168
72
78
82
79
80
81
0
3
5
133
169
112
132
111
71
60
50
49
170
73
77
1
2
4
7
8
9
10
76
74
75
11
12
18
29
22
23
24
25
150
160
151
14
13
17
21
26
27
28
30
31
32
158
36
157
33
34
35
156
40
155
41
42
44
43
55
54
58
57
63
64
56
62
61
68
167
70
97
114
113
130
135
138
139
140
141
134
164
127
126
125
137
136
128
131
110
109
107
106
105
99
100
101
162
123
122
121
120
102
103
163
98
95
92
93
166
108
83
84
38
39
45
46
52
53
47
48
51
59
69
67
66
65
88
153
87
85
86
154
89
90
91
94
96
165
104
115
116
117
118
119
