172
62
130
136
60
72
38
36
143
151
11
161
53
87
124
166
122
35
6
120
64
51
80
104
0
47
106
117
5
139
168
56
95
33
115
49
103
84
157
118
142
152
73
89
48
68
163
78
146
86
65
100
92
61
125
45
44
14
77
113
102
116
128
30
3
2
75
144
43
96
29
94
42
141
97
98
26
21
27
1
15
85
63
150
132
57
71
7
112
66
126
148
88
93
4
81
8
101
24
9
138
111
99
16
22
58
167
135
12
123
37
133
76
90
91
119
164
31
13
129
147
162
108
160
153
83
79
107
140
32
25
155
127
169
131
121
158
156
41
28
109
165
19
17
54
82
10
67
23
39
59
20
52
159
149
69
70
110
105
114
46
50
170
134
34
18
55
74
137
145
154
40
62
