172
143
147
148
149
161
14
159
16
21
32
158
36
37
51
59
60
67
69
167
70
92
91
154
89
90
94
107
106
105
97
99
98
88
153
87
86
85
84
71
49
35
157
31
29
24
15
25
150
160
151
152
141
6
9
10
76
74
75
11
12
13
17
18
19
20
22
23
26
27
28
30
33
34
40
38
39
156
155
41
42
46
52
54
58
57
62
61
68
66
63
65
64
56
55
53
43
44
45
47
48
73
77
2
3
4
7
8
5
133
169
111
110
109
108
166
93
83
50
170
168
72
78
82
79
80
81
1
0
112
132
134
131
113
164
127
126
125
118
102
162
123
101
100
103
163
95
96
165
104
114
115
116
117
119
120
122
121
124
129
146
145
144
137
136
128
130
135
138
139
140
142
143
