359
74
55
158
149
91
59
44
40
48
73
280
177
150
195
179
173
238
276
204
60
112
26
343
287
239
69
39
255
176
356
216
66
14
166
236
159
121
45
7
330
261
242
258
240
342
225
11
25
215
46
321
260
270
337
210
320
290
72
172
271
146
163
145
244
148
126
294
70
338
16
339
182
279
308
212
87
291
234
199
209
154
22
347
83
129
100
175
307
180
165
170
227
315
79
119
188
13
3
278
168
138
113
105
283
118
310
286
208
107
193
174
2
185
50
322
319
257
139
106
323
351
99
93
8
247
305
241
206
192
33
189
295
289
76
1
128
202
252
335
317
41
354
277
302
200
187
205
207
161
152
259
329
116
222
151
143
233
78
130
349
299
266
43
38
88
58
243
122
303
274
89
230
345
94
256
160
147
155
97
297
304
156
30
350
262
332
132
171
24
17
120
52
104
63
102
300
217
201
167
56
246
284
15
6
81
23
54
57
142
109
53
144
123
285
92
275
191
311
223
36
29
312
101
4
125
352
253
134
82
95
162
133
111
331
136
85
84
32
31
194
131
164
218
344
288
157
327
248
178
265
272
264
341
62
231
20
316
224
229
309
213
51
19
115
296
141
90
21
140
110
197
68
124
5
328
325
211
137
263
282
281
340
301
324
306
336
269
34
9
117
249
235
293
169
348
292
190
353
313
228
71
334
10
27
273
254
318
181
114
298
198
35
42
103
219
196
86
47
108
214
37
326
314
77
18
221
267
75
28
96
237
355
268
186
346
183
184
245
127
67
64
153
65
61
49
98
333
80
0
226
232
135
357
251
220
250
12
203
74
