359
316
357
313
52
54
3
339
261
260
99
235
342
303
152
153
341
20
205
163
69
348
103
161
133
193
220
126
116
257
76
22
285
248
33
48
298
173
60
30
63
288
346
217
71
19
166
17
64
190
244
122
130
169
214
113
132
347
229
0
127
177
147
236
318
192
352
78
84
15
32
11
89
115
142
302
141
137
154
324
280
43
110
29
135
176
198
284
70
274
327
321
245
146
344
42
334
85
356
227
271
125
174
39
171
253
292
111
202
323
294
178
61
107
120
34
101
157
216
291
25
139
123
88
188
118
246
200
333
28
40
144
96
279
158
8
100
91
212
315
98
56
230
80
81
268
232
92
5
26
129
185
38
51
16
267
338
201
273
293
104
57
95
199
256
231
77
102
351
47
259
35
307
13
143
37
223
215
210
233
167
50
128
159
254
21
228
337
226
234
207
165
2
241
296
331
149
156
27
83
181
191
328
282
65
82
353
319
53
197
311
329
9
97
301
12
349
151
131
204
134
44
222
213
109
182
239
322
155
162
251
283
289
46
265
203
140
305
258
41
270
4
304
7
18
262
45
170
277
325
306
264
345
79
62
86
255
194
206
74
290
247
195
72
286
75
225
189
124
332
164
180
335
55
66
138
295
249
275
340
58
108
224
326
281
114
90
168
24
112
278
119
67
320
240
354
218
300
23
314
336
219
263
59
1
6
14
237
221
121
36
276
87
179
187
172
175
330
310
10
136
308
250
31
93
343
105
94
106
266
186
243
68
148
209
317
196
287
150
269
312
211
350
272
208
299
183
49
309
355
252
145
117
297
238
242
160
73
184
316
