359
280
175
172
156
60
149
279
338
213
127
98
151
143
229
309
53
221
199
50
311
270
260
95
129
75
54
57
217
201
166
136
85
268
237
355
147
177
150
299
161
152
290
119
267
209
140
110
304
77
42
103
255
265
300
162
133
108
116
4
125
238
46
164
218
321
329
183
184
55
163
145
246
81
115
337
40
178
320
79
88
58
243
225
294
36
29
312
101
51
19
211
181
328
273
235
247
122
303
274
86
47
292
41
11
6
284
132
114
333
187
205
180
165
206
192
276
354
16
142
352
310
130
349
141
283
118
223
203
74
245
35
18
111
195
92
275
204
8
28
61
167
56
244
97
107
193
232
179
173
170
227
315
214
266
43
215
308
212
126
293
120
233
78
322
319
257
190
297
99
139
271
64
89
182
258
76
196
137
186
346
253
339
230
33
109
277
351
219
106
323
336
269
263
27
251
93
30
298
26
343
313
252
335
317
72
307
226
153
65
96
286
208
63
67
259
356
216
59
44
91
239
1
345
289
49
5
347
83
264
341
71
24
194
73
62
159
121
102
306
302
281
324
169
348
344
291
154
124
171
314
37
330
261
242
241
189
191
295
94
157
198
52
104
131
296
331
17
13
3
342
285
48
278
325
350
262
332
207
256
160
105
228
327
23
185
326
334
138
113
84
32
31
117
135
21
87
288
220
250
38
174
2
100
249
197
68
22
357
168
222
148
70
10
282
301
340
200
45
7
15
25
12
254
318
272
234
188
158
112
248
231
20
316
224
236
66
14
134
82
146
90
305
210
176
80
0
69
39
155
353
287
34
9
144
123
128
202
240
280
